Starting preprocessing of the model file ...
Found 23 equation(s).
Evaluating expressions...done
Computing static model derivatives (order 1).
Computing dynamic model derivatives (order 3).
Processing outputs ...
done
Preprocessing completed.

STEADY-STATE RESULTS:

C        		 0.91728
Lambda   		 1.09018
ppi      		 1.005
m        		 0.0936
qu       		 0.593909
qv       		 0.7
N        		 0.936
u        		 0.1576
U        		 0.064
Y        		 0.936
R        		 1.01515
r        		 1.0101
v        		 0.133714
q        		 0.9
JF       		 0.2
JW       		 36.9594
JU       		 36.7594
wN       		 0.8782
w        		 0.8782
Z        		 1
sigma_zt 		 0.01
d        		 0.0952848
T        		 0.016

EIGENVALUES:
         Modulus             Real        Imaginary

               0                0                0
          0.1546          -0.1546                0
            0.76             0.76                0
           0.796            0.796                0
            0.95             0.95                0
            1.01             1.01                0
           1.217            1.211           0.1192
           1.217            1.211          -0.1192
           2.764            2.764                0
       1.512e+16       -1.512e+16                0
       3.964e+17       -3.964e+17                0
       1.266e+18        1.266e+18                0
       1.871e+18       -1.871e+18                0
       2.264e+18       -2.264e+18                0
       5.719e+32        5.719e+32                0


There are 10 eigenvalue(s) larger than 1 in modulus 
for 10 forward-looking variable(s)

The rank condition is verified.


MODEL SUMMARY

  Number of variables:         23
  Number of stochastic shocks: 2
  Number of state variables:   5
  Number of jumpers:           10
  Number of static variables:  9


MATRIX OF COVARIANCE OF EXOGENOUS SHOCKS
Variables          e_z  e_sigma_z
e_z           1.000000   0.000000
e_sigma_z     0.000000   1.000000



MOMENTS OF SIMULATED VARIABLES
VARIABLE              MEAN       STD. DEV.        VARIANCE        SKEWNESS        KURTOSIS
Y                 0.949410        0.049619        0.002462        1.104971        2.682548
C                 0.913741        0.047700        0.002275       -3.151511       15.089002
U                 0.060088        0.011976        0.000143       -2.292050        8.549952
v                 0.138019        0.020984        0.000440        1.963247        9.455817
N                 0.939912        0.011976        0.000143        2.292050        8.549952
ppi               0.999596        0.022731        0.000517        0.821386        3.586718
R                 1.009649        0.024765        0.000613        1.677338        6.933165
r                 1.009815        0.004913        0.000024        4.824581       36.144913
JF                0.205382        0.018937        0.000359        2.243989        9.401432
Z                 1.010024        0.046843        0.002194        0.070474        1.919307
q                 0.896808        0.021847        0.000477        2.733072       17.785295
sigma_zt          0.011901        0.007102        0.000050        1.257495        2.089130


CORRELATION OF SIMULATED VARIABLES
VARIABLE           Y         C         U         v         N       ppi         R         r        JF         Z         q  sigma_zt
Y             1.0000    0.7024   -0.5485    0.4141    0.5485   -0.9353   -0.8789   -0.3220    0.5149    0.9729   -0.7563    0.1261
C             0.7024    1.0000    0.1499   -0.1138   -0.1499   -0.9040   -0.9497   -0.8653   -0.1380    0.8317   -0.9082   -0.0740
U            -0.5485    0.1499    1.0000   -0.7999   -1.0000    0.2453    0.1211   -0.5212   -0.9574   -0.3403   -0.0014   -0.1227
v             0.4141   -0.1138   -0.7999    1.0000    0.7999   -0.1711   -0.0717    0.4927    0.9386    0.2435    0.1468    0.1002
N             0.5485   -0.1499   -1.0000    0.7999    1.0000   -0.2453   -0.1211    0.5212    0.9574    0.3403    0.0014    0.1227
ppi          -0.9353   -0.9040    0.2453   -0.1711   -0.2453    1.0000    0.9908    0.6325   -0.2250   -0.9841    0.9143   -0.0882
R            -0.8789   -0.9497    0.1211   -0.0717   -0.1211    0.9908    1.0000    0.7304   -0.1062   -0.9549    0.9451   -0.0733
r            -0.3220   -0.8653   -0.5212    0.4927    0.5212    0.6325    0.7304    1.0000    0.5330   -0.5062    0.8317   -0.0096
JF            0.5149   -0.1380   -0.9574    0.9386    0.9574   -0.2250   -0.1062    0.5330    1.0000    0.3138    0.0687    0.1162
Z             0.9729    0.8317   -0.3403    0.2435    0.3403   -0.9841   -0.9549   -0.5062    0.3138    1.0000   -0.8505    0.1065
q            -0.7563   -0.9082   -0.0014    0.1468    0.0014    0.9143    0.9451    0.8317    0.0687   -0.8505    1.0000   -0.1485
sigma_zt      0.1261   -0.0740   -0.1227    0.1002    0.1227   -0.0882   -0.0733   -0.0096    0.1162    0.1065   -0.1485    1.0000


AUTOCORRELATION OF SIMULATED VARIABLES
VARIABLE         1       2       3       4       5
Y           0.9279  0.8655  0.8173  0.7785  0.7382
C           0.9389  0.8860  0.8338  0.7778  0.7297
U           0.8176  0.6755  0.5822  0.5175  0.4604
v           0.2407  0.1641  0.1676  0.1802  0.1643
N           0.8176  0.6755  0.5822  0.5175  0.4604
ppi         0.9408  0.8872  0.8388  0.7916  0.7478
R           0.9389  0.8853  0.8352  0.7832  0.7373
r           0.8180  0.7393  0.6738  0.5941  0.5419
JF          0.5886  0.4706  0.4139  0.3815  0.3413
Z           0.9555  0.9145  0.8774  0.8423  0.8061
q           0.8308  0.7704  0.7089  0.6329  0.5854
sigma_zt    0.7081  0.5149  0.3882  0.2658  0.2004



VARIANCE DECOMPOSITION SIMULATING ONE SHOCK AT A TIME (in percent)
                         e_z         e_sigma_z  Tot. lin. contr.
Y                      43.31              0.12             43.43
C                      38.82              0.08             38.90
U                      31.94              2.10             34.03
v                      36.79              3.92             40.70
N                      31.94              2.10             34.03
ppi                    43.65              0.09             43.74
R                      42.90              0.32             43.22
r                      34.33              4.40             38.73
JF                     34.01              2.80             36.80
Z                      43.17              0.00             43.17
q                      43.75              4.05             47.79
sigma_zt                0.00            100.05            100.05
Note: numbers do not add up to 100 due to i) non-zero correlation of simulated shocks in small samples and ii) nonlinearity

Total computing time : 0h00m12s
